4053.487813
4067.212088
4103.109518
4162.980753
4157.095625
4196.106697
4211.711480
4213.736025
4220.222341
4220.159740
4206.675691
4226.697779
4229.426098
4238.976952
4250.325315
4253.175449
4252.065688
4243.052719
4236.896638
4204.566507
4245.120214
4250.476756
4240.327543
4243.683783
4241.914299
4240.268286
4256.356831
4255.814409
4248.608368
4237.934675
4258.366931
4258.377573
4258.902419
4247.161063
4246.667097
4252.178035
4243.790100
4243.319071
4243.190469
4230.062957
4229.615854
4223.741854
4213.451251
4216.397976
4233.313330
4223.176202
4238.438003
4233.204453
4239.740280
4247.539618
4246.071203
4253.730471
4260.669075
4255.589952
4257.729955
4267.067561
4251.583131
4249.316828
4250.337069
4269.425384
4268.820837
4274.107947
4265.057870
4256.595637
4262.727487
4273.310108
4270.933166
4268.079796
4268.209072
4250.667397
4257.975909
4243.697086
4243.168863
4260.624343
4255.895511
4256.195188
4256.282704
4254.541337
4255.110780
4262.667786
4257.933151
4256.494740
4259.262450
4262.830345
4270.117860
4267.383427
4275.337208
4278.718646
4277.964247
4270.505297
4276.873708
4264.021873
4260.987638
4269.372733
4268.337985
4268.192026
4262.448593
4262.353048
4268.126648
4256.498210
