quantos matches cada motorista consegue
9: 317 413 418 425 457 458 465 588 692 
152: 250 253 256 257 258 260 261 262 268 269 270 278 280 281 285 293 295 298 302 303 308 309 320 323 326 331 336 338 339 347 349 362 364 365 367 371 375 380 382 384 386 387 388 389 391 394 396 400 401 406 409 410 411 414 415 419 421 424 432 440 441 442 445 446 448 454 455 460 461 466 486 489 493 494 497 498 499 500 501 505 516 519 520 523 526 528 532 537 538 547 549 556 557 558 559 560 565 567 569 572 574 581 582 583 590 591 592 594 595 596 599 600 601 602 604 610 611 614 616 619 621 622 629 631 632 633 645 649 652 653 654 655 657 658 659 664 665 666 668 674 675 677 678 681 682 685 686 687 689 690 691 697 
43: 272 282 287 289 290 292 294 301 324 325 327 333 342 345 352 359 360 372 385 407 408 413 417 418 425 426 457 458 482 513 514 531 533 534 535 536 539 550 552 568 588 589 593 
58: 274 277 282 283 284 287 289 290 291 292 294 297 300 301 307 310 321 325 327 329 333 337 340 342 345 352 359 372 373 385 398 407 408 417 423 426 427 430 443 458 483 488 492 503 504 511 513 514 531 533 534 535 536 539 552 589 593 650 
49: 258 261 268 281 286 293 309 336 338 339 362 363 365 370 371 391 396 400 401 403 419 424 434 441 442 448 455 512 528 554 556 557 558 559 560 567 569 570 571 573 585 595 596 604 646 652 666 685 686 
21: 254 268 270 279 281 323 371 373 375 379 424 427 440 500 505 538 549 599 604 645 653 
24: 256 268 270 279 281 302 323 336 365 371 375 396 401 424 448 471 500 505 538 549 556 557 604 653 
14: 317 393 412 416 418 420 422 425 481 484 641 643 679 692 
51: 253 273 280 285 302 309 319 332 339 349 363 370 374 377 382 383 384 391 395 396 401 405 434 441 448 461 473 523 542 547 554 558 559 570 571 573 577 578 579 580 581 582 600 601 637 639 640 647 648 651 685 
51: 253 273 280 285 302 309 319 332 339 349 363 370 374 377 382 383 384 391 395 396 401 405 434 441 448 461 473 523 542 547 554 558 559 570 571 573 577 578 579 580 581 582 600 601 637 639 640 647 648 651 685 
79: 259 260 261 262 269 278 280 285 302 303 311 312 338 347 354 364 382 384 386 388 389 406 409 410 411 419 421 432 445 446 455 456 460 461 466 497 498 499 501 519 520 526 527 528 547 560 565 574 581 582 590 595 596 600 601 602 610 611 614 616 619 621 622 649 654 655 666 668 669 677 678 681 682 686 687 689 690 691 697 
11: 264 265 341 344 399 474 475 522 529 620 639 
61: 253 278 280 285 288 302 304 315 319 322 339 347 349 357 374 377 382 384 387 388 390 394 404 441 442 461 463 466 467 468 509 523 542 547 558 559 573 577 578 579 580 581 582 583 584 600 601 609 617 621 640 642 647 648 651 661 662 664 665 673 696 
29: 296 317 334 378 392 393 412 413 418 420 422 425 438 457 482 484 491 515 521 588 641 643 656 663 670 672 679 680 692 
51: 259 260 261 262 269 270 279 281 303 309 311 323 384 386 389 396 398 406 409 410 411 419 421 432 442 443 445 448 461 476 526 527 528 540 543 547 549 565 582 590 595 596 601 604 610 649 653 669 678 686 690 
27: 297 303 311 312 337 340 386 389 398 409 410 411 444 445 477 519 520 540 541 543 544 590 610 649 650 669 678 
21: 317 334 378 393 412 416 418 420 422 425 435 437 482 484 521 597 641 643 656 679 692 
89: 260 261 262 269 285 302 303 338 339 347 349 354 364 382 384 386 387 388 389 394 396 401 406 409 410 411 414 415 419 421 432 441 442 445 455 460 461 466 501 526 528 547 558 559 560 565 574 581 582 583 590 591 592 594 595 596 600 601 602 604 610 611 614 616 619 621 622 631 633 649 654 655 658 664 665 666 668 669 677 678 681 682 685 686 687 689 690 691 697 
64: 260 261 285 302 303 308 309 311 326 338 347 362 363 382 384 386 387 389 394 396 401 404 406 409 410 411 419 421 432 441 442 445 446 448 455 461 466 519 520 528 547 560 565 567 569 573 574 581 582 583 590 595 596 600 601 604 610 649 653 666 678 685 686 690 
21: 296 317 334 378 392 393 412 413 438 457 491 588 641 643 656 663 670 672 679 680 692 
69: 261 262 285 295 303 309 338 339 347 354 362 364 367 386 388 389 391 394 396 401 406 409 411 419 421 441 442 448 455 460 466 493 526 528 532 537 558 559 560 567 569 572 574 590 595 596 602 604 610 616 619 621 622 633 653 654 666 668 677 678 681 682 685 686 687 689 690 691 697 
2: 258 652 
49: 261 309 335 336 338 339 362 363 365 370 391 396 400 401 402 403 405 419 421 434 441 442 448 455 493 512 528 553 554 555 556 557 558 559 560 567 569 570 571 573 574 585 595 596 604 666 685 686 690 
36: 273 309 332 335 336 339 363 365 370 383 391 395 396 400 401 402 403 405 434 441 442 448 553 554 555 556 557 558 559 570 571 573 585 604 646 685 
20: 280 302 303 382 384 410 411 461 497 498 499 547 565 581 582 590 600 601 649 669 
36: 302 303 309 311 312 382 384 386 389 396 401 406 409 410 411 419 421 442 446 448 461 547 565 581 582 590 595 596 600 601 604 649 653 669 678 685 
20: 254 283 287 297 301 307 331 342 345 359 373 379 385 417 426 427 440 539 599 650 
14: 281 302 323 363 395 396 401 405 441 442 448 549 604 685 
2: 251 298 
30: 253 278 315 349 357 377 384 394 404 410 411 432 445 446 461 463 467 468 501 523 547 565 582 590 600 601 609 610 640 651 
6: 287 325 342 345 385 650 
22: 296 317 393 412 413 457 458 465 469 491 586 587 588 623 641 643 656 663 670 679 680 692 
0: 
14: 250 254 256 268 279 281 371 375 379 424 440 510 599 604 
9: 273 332 370 383 391 434 554 570 571 
7: 264 265 267 313 314 529 620 
32: 285 319 339 349 374 377 382 387 390 394 404 455 463 466 467 542 547 558 559 573 577 578 579 580 581 583 584 600 609 647 648 651 
3: 446 461 640 
22: 350 355 397 414 415 436 454 455 456 574 591 592 594 602 624 677 682 686 688 690 691 697 
7: 308 311 312 326 446 461 565 
5: 277 279 423 427 483 
39: 259 260 261 262 269 329 338 354 362 386 389 398 406 409 410 419 421 430 432 443 445 455 526 527 528 560 567 569 574 595 596 602 610 614 666 678 686 690 697 
12: 302 323 395 396 401 405 441 442 448 549 604 685 
12: 320 380 381 451 452 561 563 575 605 607 674 675 
15: 253 319 349 374 446 523 542 577 578 579 580 600 640 647 648 
25: 296 306 348 368 369 392 393 431 438 439 453 458 464 465 469 586 587 618 623 656 663 670 680 684 693 
41: 269 304 315 357 364 387 388 390 394 404 432 445 463 466 467 468 501 583 584 602 609 610 611 616 621 622 632 634 635 636 642 655 658 664 665 677 682 687 689 691 696 
9: 283 297 303 307 406 419 421 595 596 
0: 
15: 286 335 336 365 391 400 402 403 512 553 555 556 557 566 585 
24: 269 364 432 445 456 460 501 540 543 602 610 611 616 624 667 668 677 681 682 687 688 689 691 697 
10: 255 335 344 376 383 524 525 553 555 576 
8: 273 332 370 383 434 554 570 571 
32: 262 284 307 328 329 348 354 361 386 389 409 426 430 431 443 447 453 456 460 464 526 540 543 624 667 668 677 678 681 687 688 697 
17: 273 286 335 336 365 383 391 400 402 403 434 553 555 556 557 585 646 
31: 306 348 358 361 368 369 431 433 439 444 447 453 456 464 465 469 540 541 543 544 586 587 618 623 624 667 670 684 688 693 694 
0: 
5: 273 332 399 620 639 
32: 261 338 339 347 387 388 390 455 466 528 558 559 560 573 574 583 584 602 619 664 665 666 668 677 682 686 687 689 690 691 696 697 
26: 322 347 387 388 390 394 404 455 463 466 467 583 584 602 609 611 621 622 642 658 661 664 665 673 691 696 
14: 266 327 407 431 439 453 469 530 552 593 623 663 670 680 
9: 318 322 356 390 467 545 546 548 584 
7: 254 256 331 342 359 440 599 
8: 282 331 345 359 385 440 531 599 
5: 325 342 372 373 385 
13: 363 391 396 401 403 441 442 448 585 604 646 653 685 
12: 369 439 457 458 464 465 469 490 586 587 643 692 
22: 338 388 455 466 560 573 574 602 619 664 665 666 668 677 682 686 687 689 690 691 696 697 
18: 358 361 433 444 445 447 460 610 624 667 668 677 681 682 687 688 689 697 
10: 362 370 419 421 567 569 570 571 595 596 
1: 443 
11: 339 347 387 390 466 558 559 573 583 584 642 
0: 
1: 642 
5: 365 400 402 566 576 
1: 485 
0: 
13: 339 362 370 434 455 558 559 567 569 570 571 573 686 
5: 290 360 535 568 692 
7: 263 350 355 397 436 459 608 
11: 295 362 370 391 434 532 537 567 569 570 571 
1: 428 
2: 276 429 
4: 290 360 535 568 
2: 258 652 
1: 652 
20: 364 388 445 460 602 610 611 616 621 622 635 658 668 677 681 682 687 689 691 697 
0: 
7: 256 268 293 375 440 486 599 
2: 279 424 
0: 
2: 408 589 
4: 344 399 405 639 
14: 388 456 460 466 602 610 621 677 681 682 687 689 691 697 
0: 
3: 320 321 671 
1: 487 
0: 
1: 488 
2: 298 538 
14: 387 390 394 404 432 463 466 467 583 584 609 610 614 690 
17: 306 368 369 393 439 447 464 465 469 586 587 618 663 670 684 693 694 
0: 
2: 393 643 
4: 406 434 493 685 
3: 373 440 599 
8: 328 389 409 430 443 541 544 690 
0: 
1: 642 
1: 331 
4: 284 457 458 490 
4: 350 355 397 436 
4: 457 458 491 692 
6: 410 411 461 547 590 649 
2: 301 539 
2: 598 642 
11: 339 390 455 466 558 559 573 584 602 642 686 
0: 
6: 339 455 558 559 573 686 
7: 414 415 591 592 594 682 691 
10: 319 322 404 463 467 468 542 609 647 648 
0: 
0: 
6: 335 403 553 555 585 646 
6: 387 466 583 602 610 697 
2: 308 446 
3: 269 610 614 
1: 493 
0: 
1: 538 
9: 347 364 388 602 616 681 689 691 697 
2: 495 496 
1: 291 
2: 643 692 
1: 640 
0: 
3: 497 498 499 
1: 281 
0: 
4: 357 445 468 501 
2: 500 505 
3: 466 602 642 
0: 
4: 362 502 567 569 
2: 503 504 
0: 
0: 
0: 
5: 456 574 602 686 697 
5: 406 419 421 595 596 
1: 506 
1: 506 
0: 
4: 423 427 500 505 
0: 
3: 447 618 693 
1: 507 
1: 508 
0: 
0: 
1: 416 
3: 278 468 509 
0: 
2: 311 461 
0: 
1: 303 
1: 297 
3: 390 584 602 
1: 302 
0: 
3: 440 510 599 
0: 
3: 403 585 646 
1: 640 
0: 
0: 
3: 434 620 637 
5: 273 370 383 570 571 
0: 
3: 432 445 610 
0: 
5: 324 327 352 550 552 
5: 289 321 407 511 593 
2: 274 291 
1: 512 
0: 
1: 337 
5: 623 641 643 670 679 
0: 
0: 
1: 296 
0: 
0: 
0: 
1: 405 
8: 363 395 405 441 442 448 604 685 
1: 610 
0: 
0: 
2: 411 590 
2: 513 514 
0: 
1: 270 
0: 
1: 371 
0: 
0: 
0: 
4: 598 661 695 696 
0: 
0: 
6: 431 439 469 623 624 680 
1: 515 
0: 
3: 455 686 690 
1: 517 
0: 
1: 646 
0: 
0: 
4: 384 582 600 601 
1: 462 
4: 382 581 600 601 
0: 
2: 519 520 
1: 653 
1: 652 
0: 
0: 
0: 
1: 620 
0: 
0: 
1: 602 
1: 521 
0: 
0: 
0: 
2: 360 568 
3: 362 567 569 
0: 
4: 309 448 604 653 
0: 
0: 
1: 456 
0: 
0: 
1: 522 
0: 
0: 
qtd mínima que deveria conseguir: 164
