quantos matches cada motorista consegue
238: 268 271 272 273 274 275 277 278 279 281 284 288 289 290 292 294 297 299 302 303 304 313 315 316 317 321 323 330 333 334 339 341 345 346 347 354 355 356 359 362 365 366 370 374 377 379 380 382 389 392 396 397 398 400 401 408 409 413 414 417 418 422 423 424 426 428 430 431 432 435 436 437 438 440 444 445 446 449 450 454 455 457 458 459 463 464 465 468 469 470 472 473 476 477 478 479 480 481 485 490 491 497 498 500 502 506 507 508 509 511 516 518 519 520 521 522 523 524 530 544 549 553 556 557 558 559 560 564 572 573 574 577 578 579 581 582 583 584 585 586 587 589 590 593 594 597 599 600 602 607 609 612 613 614 615 617 622 624 625 626 628 630 631 635 639 640 641 642 643 644 645 646 647 648 649 654 656 657 658 659 660 661 662 663 664 665 666 667 668 669 671 672 673 674 675 676 677 678 679 681 682 683 686 688 690 691 692 693 694 695 696 698 700 703 704 706 710 711 712 714 716 719 721 722 723 724 725 726 727 728 731 732 733 734 736 737 738 743 
101: 286 287 295 296 300 301 307 308 309 310 311 314 319 320 322 325 327 328 329 331 332 335 336 338 343 344 357 358 361 363 364 368 371 372 376 378 381 385 386 387 390 399 402 403 404 406 415 425 442 443 447 453 460 462 466 467 475 482 483 486 487 494 495 499 501 504 515 527 528 541 545 546 548 550 552 562 563 566 567 570 575 576 595 596 598 601 604 605 606 608 610 623 627 629 632 633 634 653 655 697 715 
176: 268 271 274 277 278 279 281 284 288 290 294 297 299 302 303 304 315 316 317 318 321 330 339 341 346 355 356 359 366 374 379 380 382 389 392 396 400 401 408 409 412 413 418 423 424 426 428 430 431 432 435 436 438 440 444 445 446 449 450 454 455 457 459 464 465 469 470 472 473 476 477 478 479 481 490 491 497 498 500 502 506 507 508 509 518 519 520 521 524 530 553 559 564 572 573 574 578 579 583 584 589 590 597 599 600 607 609 613 614 617 622 626 628 630 631 635 636 637 640 641 642 643 644 645 646 647 648 649 654 659 661 662 663 664 665 666 667 668 669 671 672 673 674 675 676 678 679 682 683 690 691 692 693 695 696 698 703 704 705 711 712 714 716 719 724 725 726 728 731 732 733 734 736 737 738 743 
54: 273 274 275 277 288 289 302 317 333 346 347 370 379 380 382 392 400 401 408 428 431 436 446 449 459 476 477 478 491 497 502 506 519 572 586 589 597 624 625 626 628 630 631 635 643 645 649 661 662 667 700 714 716 733 
43: 268 288 299 309 317 318 334 359 379 380 392 400 401 412 428 436 440 454 459 478 498 500 502 533 559 564 612 613 614 615 622 626 628 630 635 636 637 649 667 695 696 699 703 
41: 270 288 299 313 317 318 334 359 412 415 436 440 441 442 454 459 478 483 497 498 500 502 505 508 559 564 612 613 614 615 622 636 637 664 667 685 688 695 696 699 703 
125: 271 277 278 281 282 284 290 294 297 303 315 316 321 323 326 339 341 348 349 355 374 382 389 394 396 397 405 409 413 418 423 426 430 438 444 445 450 452 454 455 457 458 464 465 470 472 473 477 479 480 481 490 507 509 514 518 519 520 521 522 523 524 551 556 557 558 560 574 578 579 583 584 588 589 590 599 600 602 617 631 640 641 646 648 654 659 661 662 663 665 666 668 669 673 674 677 678 679 681 682 683 692 693 698 704 706 710 713 716 718 719 724 725 726 727 728 731 732 733 734 736 737 738 741 743 
62: 269 295 301 306 307 311 322 328 329 335 337 338 343 358 361 371 372 375 378 381 385 386 395 399 402 403 433 434 451 453 462 466 475 493 499 503 515 526 527 528 554 555 566 596 598 608 610 611 616 618 619 620 632 633 634 651 652 655 697 701 702 715 
101: 271 277 278 281 282 284 286 290 293 294 297 299 303 306 317 318 339 341 346 349 355 356 359 366 374 375 389 394 408 412 413 414 426 432 438 444 445 449 450 452 454 455 458 462 464 465 470 472 473 477 479 481 490 497 498 500 502 504 506 507 518 522 524 534 551 588 589 590 599 600 616 617 619 622 636 637 639 641 644 648 659 661 662 663 665 667 668 669 673 693 695 696 698 703 704 715 718 725 726 733 737 
57: 286 293 303 306 338 339 348 349 355 358 361 371 375 381 385 394 406 413 438 444 445 452 453 455 458 462 465 470 472 473 503 507 522 527 535 566 571 583 584 599 600 616 618 619 620 659 663 673 693 697 698 701 704 715 718 725 726 
119: 271 277 278 281 284 290 294 297 321 323 339 341 355 366 374 382 389 396 397 405 409 413 418 423 426 430 432 438 445 450 454 455 457 458 463 464 465 468 470 472 473 477 479 481 490 498 500 502 506 507 509 518 519 520 521 522 523 524 560 578 579 589 590 599 600 602 617 631 640 641 644 646 648 654 656 657 658 659 661 662 663 665 666 667 668 669 673 674 677 678 679 681 682 683 686 692 693 698 704 706 710 713 716 718 719 724 725 726 727 728 731 732 733 734 736 737 738 741 743 
73: 271 277 278 281 294 321 339 341 345 346 349 355 365 366 374 382 389 396 413 426 431 432 438 444 445 450 454 455 458 464 465 470 472 473 477 479 480 481 490 498 500 502 506 507 524 571 589 599 600 617 631 641 643 644 645 646 648 659 661 662 663 665 667 673 693 698 703 704 716 725 726 733 737 
24: 313 315 334 345 349 355 365 389 426 450 465 480 524 536 556 557 558 612 641 648 659 663 665 718 
7: 362 370 437 624 625 722 723 
88: 277 278 279 284 294 321 323 330 339 346 356 366 374 382 396 397 405 408 414 418 423 430 431 432 435 446 449 455 457 458 464 472 473 477 479 481 497 498 500 502 506 509 519 520 521 523 589 590 607 609 631 639 640 643 644 645 646 647 654 661 662 666 667 673 674 679 681 682 683 686 703 706 714 716 719 724 726 727 728 731 732 733 734 736 737 738 741 743 
18: 313 315 344 345 348 349 365 450 480 524 536 556 557 558 641 648 663 665 
9: 275 289 347 370 624 625 690 691 700 
68: 271 278 281 290 297 303 316 321 339 341 355 374 389 396 409 413 418 423 426 430 438 444 450 454 455 457 465 470 472 477 479 481 490 507 509 518 519 521 524 574 599 600 617 640 641 646 648 654 659 661 662 663 665 666 668 669 673 678 679 682 693 704 705 731 732 733 736 737 
34: 273 277 379 380 382 428 431 446 449 459 476 477 479 497 502 506 519 586 589 626 628 630 631 643 645 646 649 661 662 667 714 716 733 737 
23: 290 315 389 413 426 438 450 454 465 470 472 524 556 557 558 617 641 648 659 663 665 693 718 
52: 278 293 294 339 341 346 348 349 355 356 366 389 394 408 413 414 432 438 450 454 458 464 465 470 472 473 477 479 480 497 498 500 502 506 524 551 571 617 639 641 644 648 659 661 662 663 665 667 693 703 718 725 
35: 270 279 293 319 325 335 338 356 364 368 376 377 387 390 403 414 415 425 441 442 447 460 486 487 494 499 501 505 508 610 627 629 639 664 697 
62: 277 278 281 290 321 339 341 355 374 382 389 396 409 418 423 430 438 450 454 455 457 465 470 477 479 481 490 502 507 509 518 519 521 578 579 589 599 600 617 631 640 646 648 654 659 661 662 665 666 668 669 673 678 679 682 693 704 716 731 732 733 737 
53: 279 292 302 330 354 356 366 377 398 408 414 417 424 431 432 435 446 449 464 469 476 477 479 485 491 497 506 508 530 577 593 594 597 607 609 639 642 643 644 645 647 660 661 662 664 667 671 672 675 676 703 714 721 
49: 272 273 274 279 293 294 302 304 339 346 347 356 366 377 379 408 414 431 432 435 446 449 464 477 479 497 498 500 502 506 508 585 586 587 597 626 639 643 644 645 647 661 662 664 667 690 691 703 714 
35: 268 270 272 274 276 288 302 304 317 318 347 379 408 412 436 440 441 446 449 459 478 497 505 508 568 585 586 587 597 614 626 636 637 664 667 
3: 350 410 603 
7: 345 348 349 365 480 524 603 
44: 323 324 369 384 391 398 411 416 417 424 456 461 463 468 469 485 492 511 514 516 519 520 530 577 642 646 650 656 657 658 660 666 671 672 675 676 684 721 728 733 735 737 738 743 
9: 345 348 349 365 480 524 603 641 663 
14: 274 276 330 347 353 354 377 431 435 607 609 643 645 647 
17: 283 291 351 383 384 393 407 411 416 421 474 517 525 540 592 638 720 
8: 314 318 412 482 483 541 636 637 
15: 299 317 318 359 392 400 401 428 478 614 622 635 649 695 696 
56: 271 277 281 282 284 297 326 372 374 382 405 414 431 452 455 458 462 464 470 472 473 477 479 481 490 495 504 507 509 518 519 521 574 588 589 590 631 639 643 645 646 654 661 662 666 668 669 673 678 692 716 725 726 733 737 743 
17: 292 354 424 437 469 476 491 530 593 594 642 671 672 675 676 722 723 
11: 317 346 408 446 449 459 497 500 506 572 667 
41: 297 303 374 409 418 423 430 444 445 457 490 507 509 518 520 521 560 578 579 599 600 640 654 666 668 669 673 677 679 682 683 698 704 710 724 728 731 732 734 736 738 
23: 286 293 319 338 339 343 368 371 403 413 414 432 464 477 479 494 498 502 639 644 661 662 715 
12: 290 299 359 389 413 426 438 450 454 622 648 665 
58: 297 303 306 323 326 352 374 375 388 394 397 418 420 423 430 444 445 448 452 490 507 514 518 520 521 522 523 560 578 579 580 616 619 640 654 666 668 669 673 674 677 679 684 692 698 704 717 719 724 725 727 728 734 735 736 738 741 743 
57: 323 326 352 372 373 374 388 394 397 418 423 429 448 452 453 455 458 462 465 470 472 473 490 495 504 507 512 514 520 523 580 599 600 616 619 640 646 654 659 673 674 684 693 717 719 724 725 726 727 728 733 734 735 736 737 741 743 
39: 269 298 340 352 373 395 419 420 433 434 439 448 451 453 493 495 496 503 504 510 512 515 526 527 529 616 618 619 620 651 652 680 701 702 729 730 739 740 742 
27: 268 279 294 302 356 366 368 390 403 408 415 432 446 449 459 494 497 498 499 500 502 505 508 597 644 664 703 
43: 284 298 322 343 352 372 373 388 397 405 448 453 455 458 471 473 487 488 495 504 512 513 514 520 523 526 527 529 590 616 619 674 684 713 717 719 724 726 727 734 735 741 743 
19: 284 354 414 431 432 435 464 477 479 573 590 639 643 644 645 647 661 662 714 
46: 269 298 306 340 375 388 395 419 420 429 433 434 439 448 451 471 488 493 496 503 510 512 513 514 526 529 531 616 618 619 620 651 652 680 684 701 702 713 717 729 730 735 739 740 741 742 
7: 463 468 511 582 656 657 658 
7: 293 338 343 371 403 499 697 
1: 327 
4: 274 347 446 572 
26: 277 382 396 457 481 519 520 521 589 631 646 666 674 681 716 719 724 728 731 732 733 734 736 737 738 743 
17: 333 380 392 400 401 428 436 440 459 478 508 613 628 630 635 649 664 
12: 268 272 279 302 377 425 449 508 585 587 597 664 
11: 270 276 304 320 377 425 447 460 508 601 664 
8: 376 390 442 447 460 595 627 629 
12: 302 379 408 446 449 459 497 506 597 626 667 703 
20: 382 457 519 520 521 631 646 666 674 716 719 724 728 732 733 734 736 737 738 743 
31: 388 397 418 419 420 429 448 451 503 507 512 520 522 523 602 654 673 674 684 713 717 719 724 727 728 734 735 736 741 742 743 
0: 
11: 351 407 416 421 456 474 517 542 638 650 720 
2: 476 676 
20: 281 321 374 396 455 458 473 481 519 521 666 673 678 726 731 732 733 737 741 743 
0: 
6: 391 411 461 492 517 670 
9: 330 431 446 449 572 607 609 643 645 
17: 405 514 519 520 523 646 666 674 719 724 728 733 734 736 737 738 743 
1: 484 
1: 489 
2: 615 699 
1: 700 
2: 275 700 
33: 397 418 423 430 457 509 518 520 521 522 523 578 579 640 654 666 668 669 673 674 677 679 682 683 724 727 728 731 732 734 736 738 743 
2: 543 694 
10: 268 288 333 379 440 459 508 544 626 664 
8: 318 412 478 636 637 649 695 696 
5: 371 453 466 527 655 
0: 
1: 511 
1: 313 
3: 343 486 487 
4: 270 545 546 568 
0: 
23: 323 326 397 418 423 457 509 521 640 666 673 674 682 724 727 728 731 732 734 736 738 741 743 
1: 699 
9: 324 351 354 357 456 474 485 650 660 
1: 699 
12: 424 469 476 485 491 530 642 660 671 672 675 676 
1: 547 
1: 480 
1: 548 
2: 441 460 
2: 334 612 
5: 415 454 498 500 502 
3: 377 435 647 
2: 339 413 
7: 270 442 460 508 550 664 685 
6: 408 432 449 464 497 644 
10: 373 453 458 473 495 504 527 618 620 737 
14: 388 488 513 514 523 526 529 531 674 684 713 719 727 735 
2: 474 517 
2: 615 699 
0: 
0: 
7: 272 273 279 377 585 586 587 
3: 350 410 603 
5: 384 391 411 461 492 
2: 335 610 
7: 355 465 470 524 617 659 693 
1: 694 
4: 441 442 460 595 
0: 
1: 367 
0: 
5: 438 450 454 648 665 
6: 463 468 520 656 657 658 
2: 319 486 
1: 551 
1: 279 
0: 
2: 287 312 
1: 345 
2: 666 743 
0: 
0: 
0: 
7: 297 509 574 654 673 678 692 
1: 676 
2: 491 676 
4: 485 491 660 676 
4: 450 648 663 665 
0: 
2: 334 612 
12: 396 457 521 666 674 713 727 731 736 738 741 743 
0: 
1: 407 
2: 554 555 
9: 374 409 490 507 518 522 668 669 673 
2: 513 514 
1: 327 
4: 276 320 425 601 
1: 377 
0: 
3: 556 557 558 
0: 
5: 409 445 560 698 704 
3: 528 701 702 
2: 559 564 
2: 407 517 
0: 
2: 521 666 
0: 
0: 
0: 
0: 
4: 431 561 643 645 
1: 339 
0: 
2: 562 563 
0: 
4: 514 666 733 743 
0: 
2: 450 648 
4: 464 477 661 662 
0: 
3: 482 559 564 
1: 565 
1: 566 
0: 
0: 
1: 528 
2: 349 524 
1: 449 
0: 
2: 385 567 
1: 339 
1: 338 
0: 
2: 389 454 
2: 270 568 
6: 510 680 729 739 740 742 
0: 
0: 
0: 
0: 
0: 
1: 525 
0: 
4: 490 507 509 673 
2: 357 570 
0: 
2: 491 676 
1: 358 
2: 300 327 
1: 571 
0: 
4: 385 386 528 632 
3: 508 572 664 
0: 
1: 324 
2: 374 673 
3: 680 740 742 
3: 509 574 654 
2: 575 576 
3: 355 465 659 
6: 469 476 530 671 672 675 
0: 
1: 406 
1: 577 
5: 509 522 578 579 654 
1: 299 
5: 518 522 602 668 669 
0: 
0: 
5: 465 617 659 693 718 
1: 436 
0: 
2: 351 417 
0: 
4: 471 488 531 684 
2: 465 659 
2: 713 743 
0: 
0: 
1: 413 
0: 
1: 519 
0: 
0: 
1: 581 
0: 
2: 450 648 
0: 
0: 
2: 494 703 
2: 583 584 
1: 700 
1: 389 
2: 519 737 
0: 
0: 
0: 
0: 
0: 
2: 456 650 
0: 
0: 
0: 
0: 
0: 
0: 
3: 346 667 703 
1: 454 
0: 
0: 
0: 
0: 
1: 673 
0: 
1: 514 
0: 
0: 
0: 
0: 
0: 
1: 443 
0: 
0: 
qtd mínima que deveria conseguir: 171
