4156.539989
4157.207184
4194.487549
4196.796107
4215.813515
4221.021903
4220.826200
4216.010508
4227.815475
4223.727077
4231.675704
4222.500568
4223.095690
4220.560237
4226.211232
4214.585450
4211.981491
4215.541160
4225.858949
4236.542023
4232.463724
4242.553374
4237.528744
4238.635251
4241.436251
4242.065196
4232.693087
4231.704649
4226.141679
4219.295718
4242.047974
4241.306512
4239.826072
4243.796724
4251.376398
4238.129301
4225.712982
4240.986017
4225.004685
4221.229161
4203.324107
4205.047011
4212.275593
4216.555341
4204.438207
4218.354857
4216.635918
4211.357753
4215.737265
4222.222455
4220.760493
4216.203664
4228.732267
4228.207483
4228.483332
4213.974794
4210.620545
4207.700911
4204.389964
4201.803587
4209.045638
4206.918424
4211.714496
4207.783265
4216.564439
4218.042019
4207.057706
4191.602722
4197.692007
4189.731439
4196.351890
4209.143026
4197.294044
4209.075558
4231.483766
4228.054387
4219.788428
4224.957974
4227.300773
4225.332596
4221.304107
4224.260273
4217.408804
4219.279538
4221.700679
4211.585578
4200.652789
4210.276889
4215.236945
4214.573109
4217.201764
4212.540367
4215.389984
4209.399510
4210.458457
4240.652860
4234.867500
4225.494010
4229.378895
4228.050922
