quantos matches cada motorista consegue
1: 690 
1: 617 
1: 618 
1: 631 
1: 595 
3: 302 308 483 
0: 
4: 381 641 647 648 
0: 
0: 
2: 283 690 
0: 
0: 
0: 
0: 
0: 
2: 622 654 
6: 273 337 458 621 625 726 
2: 612 734 
0: 
0: 
0: 
7: 275 276 431 499 550 580 597 
11: 288 299 332 410 424 467 545 553 555 558 642 
0: 
0: 
18: 274 275 276 383 404 431 499 500 524 527 571 573 580 597 600 616 626 627 
24: 336 381 444 508 510 515 534 542 596 612 671 681 711 714 716 722 723 726 727 728 729 731 734 736 
0: 
4: 489 671 714 736 
0: 
4: 657 659 694 742 
1: 613 
1: 614 
1: 615 
1: 588 
46: 277 282 314 337 339 340 341 342 344 346 362 369 376 379 384 427 445 455 458 472 473 481 514 530 546 556 557 572 591 595 598 605 611 618 619 621 624 625 628 630 658 666 687 699 700 705 
1: 656 
0: 
0: 
53: 274 278 302 312 313 315 325 336 386 396 403 415 416 418 428 436 444 468 475 482 483 508 510 515 534 564 571 573 585 596 612 620 629 634 644 646 657 659 662 669 671 673 675 677 678 684 694 695 722 723 726 734 736 
55: 279 294 301 302 308 312 313 315 325 326 330 336 371 403 415 416 436 444 461 468 475 483 498 509 510 515 544 564 571 573 580 596 597 629 634 644 646 657 659 662 669 671 673 675 677 678 684 694 695 712 722 723 726 729 736 
1: 633 
1: 666 
1: 630 
0: 
3: 314 344 556 
0: 
0: 
1: 658 
1: 657 
0: 
0: 
1: 275 
0: 
0: 
0: 
0: 
1: 692 
0: 
2: 604 697 
2: 359 608 
1: 538 
4: 317 587 599 636 
20: 274 282 306 308 326 327 367 369 386 421 435 461 468 470 472 613 614 644 675 705 
0: 
0: 
0: 
0: 
0: 
6: 531 568 569 655 689 696 
0: 
0: 
0: 
0: 
0: 
1: 272 
0: 
1: 699 
0: 
0: 
0: 
10: 338 349 351 503 548 549 559 638 655 676 
1: 704 
0: 
0: 
0: 
0: 
0: 
0: 
0: 
0: 
1: 344 
6: 321 331 453 532 537 661 
0: 
0: 
0: 
0: 
2: 647 648 
1: 641 
5: 407 443 607 638 639 
0: 
2: 317 636 
0: 
0: 
0: 
0: 
4: 593 641 647 648 
0: 
0: 
0: 
1: 638 
0: 
0: 
27: 317 321 327 331 334 355 368 369 375 379 421 435 451 453 455 464 470 472 479 528 529 532 537 591 614 638 687 
0: 
0: 
21: 352 475 478 488 510 512 542 629 646 671 684 711 713 714 716 722 723 728 729 731 739 
12: 353 444 510 542 671 713 714 723 729 731 738 739 
0: 
0: 
0: 
1: 614 
0: 
0: 
2: 622 654 
73: 274 275 301 302 306 308 312 313 315 325 326 336 366 367 375 386 403 406 410 416 418 419 421 428 430 436 461 468 471 474 482 483 523 528 531 534 535 536 568 569 571 573 580 588 597 598 610 613 614 624 629 633 634 644 649 657 659 662 669 673 675 688 689 694 695 696 704 705 726 732 736 742 743 
47: 274 275 276 282 294 306 308 325 326 330 337 340 362 376 404 406 421 423 458 468 472 514 525 526 580 594 598 617 621 624 625 629 634 657 660 665 666 673 687 694 695 699 704 705 732 742 743 
4: 531 568 569 602 
4: 282 337 458 658 
0: 
0: 
0: 
0: 
0: 
40: 273 278 313 337 352 363 381 452 457 478 489 508 512 542 564 589 596 598 624 629 634 646 657 673 683 694 711 713 714 716 721 726 727 728 729 732 735 736 739 743 
2: 489 490 
27: 273 337 363 437 445 457 458 459 495 496 497 502 506 598 619 621 624 625 628 679 699 700 710 715 718 724 733 
0: 
0: 
0: 
2: 605 611 
0: 
2: 515 726 
0: 
2: 407 607 
30: 273 337 353 363 381 382 457 458 459 489 490 492 506 511 512 535 542 598 624 683 711 713 714 721 727 728 732 735 738 739 
0: 
2: 435 688 
1: 637 
1: 637 
0: 
0: 
0: 
0: 
3: 575 576 577 
0: 
0: 
1: 637 
0: 
0: 
37: 289 302 322 335 338 349 351 357 359 360 366 367 386 395 407 503 531 533 548 549 559 568 569 588 604 607 608 622 649 654 655 663 676 688 689 696 697 
35: 287 289 302 303 317 348 350 358 359 361 366 367 368 383 386 430 529 531 568 569 588 604 608 622 638 649 654 663 676 685 688 689 696 697 703 
1: 542 
0: 
0: 
6: 497 679 710 715 718 733 
3: 575 576 577 
1: 440 
47: 278 312 313 352 363 381 396 403 406 452 457 478 489 496 510 512 542 564 585 589 598 620 624 629 635 646 662 669 671 677 680 683 691 695 704 711 713 714 716 721 727 728 729 731 735 739 743 
7: 334 356 410 575 577 606 638 
5: 317 321 365 637 638 
0: 
5: 317 321 574 638 685 
0: 
0: 
0: 
0: 
0: 
0: 
0: 
0: 
1: 336 
0: 
0: 
2: 546 572 
0: 
0: 
2: 532 537 
1: 538 
4: 288 545 555 579 
1: 551 
1: 561 
1: 563 
2: 487 566 
0: 
0: 
0: 
0: 
4: 410 430 523 613 
1: 534 
1: 535 
1: 536 
4: 334 575 576 577 
2: 548 549 
0: 
0: 
2: 649 688 
2: 581 583 
0: 
0: 
0: 
0: 
10: 332 356 407 410 430 523 606 607 649 688 
0: 
0: 
1: 571 
1: 657 
3: 657 659 694 
0: 
0: 
0: 
0: 
0: 
1: 677 
0: 
0: 
0: 
0: 
0: 
0: 
0: 
70: 288 299 313 332 334 336 352 366 367 381 386 410 416 417 419 430 444 452 468 474 475 488 508 510 512 515 523 528 534 535 538 542 545 553 555 558 564 596 612 613 614 629 644 646 649 671 675 677 681 682 684 686 688 711 713 714 716 722 723 725 726 727 728 729 731 732 734 736 737 739 
0: 
82: 273 277 281 282 284 290 306 314 321 327 329 331 337 339 340 344 346 354 361 362 368 369 376 379 384 385 387 388 395 399 400 414 423 427 432 434 435 451 453 455 458 464 470 472 473 479 487 514 516 530 532 537 539 543 547 552 556 561 563 566 574 581 583 587 591 595 599 602 605 611 618 630 631 637 652 653 656 658 661 666 687 705 
0: 
2: 644 675 
54: 274 275 288 301 302 308 313 325 326 336 366 367 386 415 416 418 419 428 436 444 461 467 468 474 483 499 534 545 555 571 573 580 596 597 612 613 617 629 634 644 649 657 659 673 675 688 694 695 704 726 732 734 736 743 
3: 417 462 601 
2: 646 722 
1: 723 
1: 334 
0: 
0: 
0: 
42: 274 275 276 302 308 315 325 326 366 367 386 415 416 418 419 421 428 430 461 468 474 483 499 523 528 571 573 580 597 613 614 617 633 644 649 657 659 675 688 694 742 743 
8: 301 302 325 326 483 571 573 588 
0: 
4: 292 332 424 642 
8: 332 366 410 424 430 523 642 649 
2: 644 675 
0: 
0: 
0: 
3: 635 695 704 
29: 381 396 403 406 475 510 512 542 564 585 620 629 646 662 669 671 677 680 682 684 711 713 714 716 722 723 728 729 731 
25: 312 353 381 405 406 457 496 512 542 562 564 629 683 711 713 714 716 718 721 727 728 729 735 738 739 
0: 
0: 
0: 
0: 
0: 
0: 
1: 690 
0: 
0: 
0: 
19: 381 417 510 515 542 596 612 671 711 714 716 722 726 727 728 729 731 734 736 
qtd mínima que deveria conseguir: 112
